0 (210) 0
0 (211) 0
0 (212) 0
0 (213) 0
0 (214) 0
0 (215) 0
0 (216) 0
0 (217) 0
0 (218) 0
0 (219) 0
0 (22) 0
0 (220) 0
0 (221) 0
0 (222) 0
0 (223) 0
0 (224) 0
0 (225) 0
0 (226) 0
0 (227) 0
0 (228) 0
0 (229) 0
0 (23) 0
0 (230) 0
0 (231) 0
0 (232) 0
0 (233) 0
0 (234) 0
0 (235) 0
0 (236) 0
0 (237) 0
0 (238) 0
0 (239) 0
0 (24) 0
0 (240) 0
0 (241) 0
0 (242) 0
0 (243) 0
0 (244) 0
0 (245) 0
0 (246) 0
0 (247) 0
0 (248) 0
0 (249) 0
0 (25) 0
0 (250) 0
0 (251) 0
0 (252) 0
0 (253) 0
0 (254) 0
0 (255) 0
0 (256) 0
0 (257) 0
0 (258) 0
0 (259) 0
0 (26) 0
0 (260) 0
0 (261) 0
0 (262) 0
0 (263) 0
0 (264) 0
0 (265) 0
0 (266) 0
0 (267) 0
0 (268) 0
0 (269) 0
0 (27) 0
0 (270) 0
0 (271) 0
0 (272) 0
0 (273) 0
0 (274) 0
0 (275) 0
0 (276) 0
0 (277) 0
0 (278) 0
0 (279) 0
0 (28) 0
0 (280) 0
0 (281) 0
0 (282) 0
0 (283) 0
0 (284) 0
0 (285) 0
0 (286) 0
0 (287) 0
0 (288) 0
0 (289) 0
0 (29) 0
0 (290) 0
0 (291) 0
0 (292) 0
0 (293) 0
0 (294) 0
0 (295) 0
0 (296) 0
0 (297) 0
0 (298) 0
0 (299) 0
0 (3) 0
0 (30) 0
0 (300) 0
0 (301) 0
0 (302) 0
0 (303) 0
0 (304) 0
0 (305) 0
0 (306) 0
0 (307) 0
0 (308) 0
0 (309) 0
0 (31) 0
0 (310) 0
0 (311) 0
0 (312) 0
0 (313) 0
0 (314) 0
0 (315) 0
0 (316) 0
0 (317) 0
0 (318) 0
0 (319) 0
0 (32) 0
0 (320) 0
0 (321) 0
0 (322) 0
0 (323) 0
0 (324) 0
0 (325) 0
0 (326) 0
0 (327) 0
0 (328) 0
0 (329) 0
0 (33) 0
0 (330) 0
0 (331) 0
0 (332) 0
0 (333) 0
0 (334) 0
0 (335) 0
0 (336) 0
0 (337) 0
0 (338) 0
0 (339) 0
0 (34) 0
0 (340) 0
0 (341) 0
0 (342) 0
0 (343) 0
0 (344) 0
0 (345) 0
0 (346) 0
0 (347) 0
0 (348) 0
0 (349) 0
0 (35) 0
0 (350) 0
0 (351) 0
0 (352) 0
0 (353) 0
0 (354) 0
0 (355) 0
0 (356) 0
0 (357) 0
0 (358) 0
0 (359) 0
0 (36) 0
0 (360) 0
0 (361) 0
0 (362) 0
0 (363) 0
0 (364) 0
0 (365) 0
0 (366) 0
0 (367) 0
0 (368) 0
0 (369) 0
0 (37) 0
0 (370) 0
0 (371) 0
0 (372) 0
0 (373) 0
0 (374) 0
0 (375) 0
0 (376) 0
0 (377) 0
0 (378) 0
0 (379) 0
0 (38) 0
0 (380) 0
0 (381) 0
0 (382) 0
0 (383) 0
0 (384) 0
0 (385) 0
0 (386) 0
0 (387) 0
0 (388) 0
0 (389) 0
0 (39) 0
0 (390) 0
0 (391) 0
0 (392) 0
0 (393) 0
0 (394) 0
0 (395) 0
0 (396) 0
0 (397) 0
0 (398) 0
0 (399) 0
0 (4) 0
0 (40) 0
0 (400) 0
0 (401) 0
0 (402) 0
0 (403) 0
0 (404) 0
0 (405) 0
0 (406) 0
0 (407) 0
0 (408) 0
0 (409) 0
0 (41) 0
0 (410) 0
0 (411) 0
0 (412) 0
0 (413) 0
0 (414) 0
0 (415) 0
0 (416) 0
0 (417) 0
0 (418) 0
0 (419) 0
0 (42) 0
0 (420) 0
0 (421) 0
0 (422) 0
0 (423) 0
0 (424) 0
0 (43) 0
0 (44) 0
0 (45) 0
0 (46) 0
0 (47) 0
0 (48) 0
0 (49) 0
0 (5) 0
0 (50) 0
0 (51) 0
0 (52) 0
0 (53) 0
0 (54) 0
0 (55) 0
0 (56) 0
0 (57) 0
0 (58) 0
0 (59) 0
0 (6) 0
0 (60) 0
0 (61) 0
0 (62) 0
0 (63) 0
0 (64) 0
0 (65) 0
0 (66) 0
0 (67) 0
0 (68) 0
0 (69) 0
0 (7) 0
0 (70) 0
0 (71) 0
0 (72) 0
0 (73) 0
0 (74) 0
0 (75) 0
0 (76) 0
0 (77) 0
0 (78) 0
0 (79) 0
0 (8) 0
0 (80) 0
0 (81) 0
0 (82) 0
0 (83) 0
0 (84) 0
0 (85) 0
0 (86) 0
0 (87) 0
0 (88) 0
0 (89) 0
0 (9) 0
0 (90) 0
0 (91) 0
0 (92) 0
0 (93) 0
0 (94) 0
0 (95) 0
0 (96) 0
0 (97) 0
0 (98) 0
0 (99) 0
1 (40) 1
1 (41) 1
1 (42) 1
1 (43) 1
1 (44) 1
1 (45) 1
1 (46) 1
1 (47) 1
1 (48) 1
1 (49) 1
1 (5) 1
1 (50) 1
1 (51) 1
1 (52) 1
1 (53) 1
1 (54) 1
1 (55) 1
1 (56) 1
1 (57) 1
1 (58) 1
1 (59) 1
1 (6) 1
1 (60) 1
1 (61) 1
1 (62) 1
1 (63) 1
1 (64) 1
1 (65) 1
1 (66) 1
1 (67) 1
1 (68) 1
1 (69) 1
1 (7) 1
1 (70) 1
1 (71) 1
1 (72) 1
1 (73) 1
1 (74) 1
1 (75) 1
1 (76) 1
1 (77) 1
1 (78) 1
1 (79) 1
1 (8) 1
1 (80) 1
1 (81) 1
1 (82) 1
1 (83) 1
1 (84) 1
1 (85) 1
1 (86) 1
1 (87) 1
1 (88) 1
1 (89) 1
1 (9) 1
1 (90) 1
1 (91) 1
1 (92) 1
1 (93) 1
1 (94) 1
1 (95) 1
1 (96) 1
1 (97) 1
1 (98) 1
1 (99) 1